3.02654
40.1071
42.106
88.1558
2.36112
-8.1943
6.71071
1.61889
-90.8929
2.78099
-44.5397
-43.2926
-47.525
-38.7864
-10.662
2.50698
2.30077
-49.6725
2.29342
2.30974
-134.08
1.54795
-12.8198
2.39155
-6.81865
-38.6999
35.4874
2.63765
-13.789
-37.0276
-88.4782
-974.955
-46.197
46.134
2.0426
43.2191
35.9936
40.1397
43.9374
13.5806
-12.5632
71.7462
16.0229
40.1082
1.8851
-77.8675
5.47145
49.724
43.2196
6.70415
3.78148
-46.197
-63.6778
-55.5737
-144.874
2.012
39.0325
-43.6937
-44.5392
-47.6246
-46.9218
2.69667
25.2166
8.08675
42.5145
10.1004
3.26946
6.67803
10.5691
-47.3844
43.0249
42.4497
41.2154
6.86798
-47.5684
7.94243
-279.878
43.2883
40.5934
-45.934
-67.0686
-8.55327
35.34
47.4279
6.2193
55.118
77.5713
55.2729
-82.5521
-44.4498
44.8726
8.44762
17.6137
1.39026
-47.3013
-42.445
12.588
-43.9503
-44.4916
43.9752
41.444
-6.59112
-66.0437
6.56557
128.5
-137.144
-45.859
-59.1531
-23.0174
9.9735
39.1534
-51.713
42.8805
-52.8107
-43.2347
3.55431
0.352434
156.707
-276.719
-15.5431
50.0028
-46.1593
43.2521
-141.501
40.0573
-47.6314
2.40512
1.39234
-8.04561
41.1141
10.7237
3.7041
9.10004
-43.9198
-44.2922
1.95209
3.63813
42.4976
-41.896
7.97586
1.96927
-55.8854
7.75562
-44.4082
2.56744
-44.4388
7.90128
70.5487
-43.6925
9.67015
-51.8806
50.8793
8.74704
-9.41828
41.6925
-57.6444
40.9524
9.64136
-67.0431
-549.471
12.2159
-47.3832
88.3197
42.2872
-179.116
-6.43062
-85.166
9.62973
43.0906
-15.3758
-358.815
-195.792
-45.5834
-214.276
39.8322
40.2596
-43.4293
44.0289
-11.5816
-46.1466
3.31663
2.72748
-12.072
-44.8344
6.10584
-5.53137
40.0117
-454.593
2.68838
35.0568
-10.1469
2.15899
-189.665
11.4077
43.3952
-74.5987
40.0646
-10.4512
3.72628
43.9698
-43.063
12.3741
-47.5351
-43.4759
12.0401
10.0487
2.83866
-20.5453
-223.367
-44.5651
79.449
40.7946
2.71291
41.5446
-9.37135
15.6626
-43.1747
41.401
-207.775
59.659
-12.3049
8.06839
-72.7281
43.3575
40.7359
-27.4797
-47.5166
41.7717
-44.4916
-45.0437
-8.14875
-70.5909
-49.474
-41.6823
160.233
-38.321
17.2523
-49.3389
40.2139
-45.8262
-44.3537
-547.024
-74.4457
-45.6777
41.4672
-537.25
-85.6482
39.3895
3.25284
-66.1086
65.067
-14.3398
-46.168
-318.976
-49.8206
-8.50742
-46.7349
-45.832
-5.58202
-43.3748
-84.9717
40.1754
-51.7178
41.2558
-44.6373
3.19327
9.94863
68.9652
39.8851
-118.331
-45.9193
60.8392
-45.4782
-58.9462
41.7806
-44.4244
-46.3849
-47.9365
41.4653
10.6362
-49.7373
41.9383
47.5165
-37.4707
41.4981
-43.2754
9.14449
-70.714
42.4913
40.7839
-46.5605
-44.3582
-44.5192
1.85722
-47.4932
4.2399
45.7934
42.2824
43.0809
-194.714
-82.318
-45.9465
-44.0085
-281.948
40.8475
-32.7632
4.08188
-44.526
41.8022
59.8323
-46.446
-74.5502
-59.5545
83.1816
-46.2075
59.6417
40.7293
-45.8718
40.0642
13.2198
-51.581
40.625
42.3946
-50.2528
-44.4425
-190.386
-47.1225
115.241
-37.3145
-48.9874
41.891
-69.9964
-201.221
-28.9299
-171.71
-45.1223
-102.543
44.0208
1567.37
-45.7076
-122.614
-71.3866
-43.5644
43.7655
-191.144
43.1057
41.7263
99.3536
2.91443
-62.5814
55.9604
42.3706
-44.5069
-158.068
43.8557
-111.462
-49.1373
-46.4601
-44.9009
-45.8248
24.415
9.18877
127.29
-73.2397
-73.3842
-45.222
43.9145
-46.1738
-43.2174
40.2315
-47.3247
41.1682
-47.1975
40.0133
2.33928
247.448
-43.3739
374.798
46.234
-63.9941
178.975
175.902
-49.6768
-133.815
-46.1913
73.8107
-410.606
-45.9923
-37.9479
44.0309
41.651
42.3684
7.15156
41.4001
40.8276
-35.5987
-81.2476
-43.4755
7.38148
41.7032
3.74072
-47.5846
43.9637
-43.855
42.2903
41.6388
-45.5941
41.7717
-45.2212
9.93602
41.4678
41.1194
-45.6769
-37.5889
3.81392
18.3836
9.26539
11.9209
1.95952
8.89152
-40.6641
3.08412
2.45943
44.5144
-53.2962
-140.67
6.51045
-3230.71
10.8544
2.90007
43.9701
-45.7984
4.23417
41.763
40.2915
8.45813
332.439
9.5857
142.774
8.03348
-43.3715
-42.9118
-14.236
-166.964
2.73839
39.2268
9.62365
-34.1218
252.897
11.1177
43.7644
2.29116
-152.829
-732.895
-52.1492
6.73003
-74.4154
2.16706
-45.7081
-42.5822
16.0914
7.22722
1.73222
102.792
3.50884
7.28942
-98.1321
5.65272
3.2583
9.74321
-9.23137
-12.2731
3.10425
5.40441
51.6147
22.6512
145.898
1.92008
3.19287
-94.3176
-50.6943
41.2766
1.72115
-47.2397
-42.973
40.3198
64.4551
41.5738
-8.79839
111.119
-46.4427
19.0328
12.4611
43.9368
-47.3259
-9.63073
51.9822
42.3717
-124.831
2.8505
7.15456
3.54925
-159.554
-10.459
15.6006
-44.4647
-67.083
3.48407
-9.95394
-7.08029
40.6233
-35.0901
1.81434
2.66349
-63.6129
41.1615
-41.1379
42.5139
28.173
-103.662
8.33231
-47.6452
-43.8917
34.4072
43.0256
-7.47783
8.11691
-29.4116
-69.0438
-150.946
-127.805
5.1603
8.41161
-43.7782
11.1978
-45.9336
1.02497
5.40266
-45.1619
40.1076
-46.579
2.60911
6.08697
-1.81904
-47.3602
-74.997
29.8926
-46.5614
-96.397
3.1001
42.1203
2.88403
7.7585
43.4536
38.3257
-9.53813
-76.349
-8.25012
5.16584
-52.3832
-45.807
2.94893
43.0735
-44.5245
5.95652
40.2262
41.7547
3.56858
8.78985
-34.3193
-36.3783
-43.504
-70.0632
7.24191
-43.7853
-44.6986
-8.35723
2.61904
-81.9267
90.9388
-43.7464
10.5688
8.64374
-49.3366
-7.05234
41.6536
90.331
13.1272
7.85179
31.2827
71.6451
-156.28
-6.61105
-77.8563
2.6805
16.6006
-45.9879
-127.954
8.32078
79.803
41.8913
15.4897
-4.38072
6.21589
-3499.28
-9.63752
-53.4273
10.6437
-38.0901
-46.19
43.0903
39.805
40.2837
126.68
-43.82
-44.4511
40.289
11.135
-7.653
-5.93221
69.0847
41.9937
43.0906
41.4002
18.0049
-46.1031
3.0567
-64.7163
1500.14
3.26687
49.6693
9.87755
1.89888
2.31597
-46.502
-46.2572
7.73965
42.9377
-73.5719
0.961646
-43.728
-44.1959
26.752
-6.12797
-6.28576
5.95719
6.03032
-43.2381
9.30761
-46.1897
8.87683
34.0611
-66.9653
-79.111
40.1719
104.731
42.4423
43.0258
43.0165
-42.3335
41.4108
41.8285
3.05215
-139.104
40.1614
-43.9135
1.86431
-96.2743
42.5366
3.68442
-78.8514
11.1023
-47.2593
