0.00194016
1.20272e-005
1.01798e-005
4.59566e-006
0.00120452
2.92865e-005
0.000590837
0.00603453
4.90043e-006
0.00138716
9.92955e-006
1.99853e-005
9.92204e-006
9.08909e-006
0.00026696
0.00440957
0.0106144
0.000166522
0.000607537
0.00425757
4.10849e-006
0.00034395
0.00103524
0.000784314
0.000555362
0.000214254
0.0111651
0.00899609
0.000489975
2.68473e-005
8.11164e-006
0.000264057
1.02201e-005
-1.#IND
0.00530535
9.08524e-006
0.00963257
1.10831e-005
1.29583e-005
1.#INF
1.#INF
8.98789e-006
1.#INF
1.02711e-005
0.00470258
7.19321e-005
0.00038604
0.00129148
1.31944e-005
-1.#IND
0.000311447
1.08728e-005
1.04664e-005
1.03795e-005
5.13253e-006
0.00853372
1.00531e-005
1.32656e-005
1.05392e-005
9.24707e-006
9.22329e-006
0.00553266
-1.#IND
0.000203646
9.99069e-006
3.97135e-006
0.000118749
0.000134625
0.000150936
1.23631e-005
1.00049e-005
1.03164e-005
9.86168e-006
0.000459
1.10483e-005
0.000406376
3.67518e-006
1.32346e-005
1.10859e-005
1.00141e-005
1.3792e-005
0.000103957
0.00696758
1.50176e-005
0.0309203
8.45242e-006
7.43648e-006
0.00926262
2.17276e-005
1.1856e-005
1.28439e-005
1.#INF
0.00030822
0.00224628
1.11999e-005
9.66515e-006
-1.#IND
9.0402e-006
9.85469e-006
1.01523e-005
8.93619e-006
0.000355495
6.13289e-006
0.00118006
4.72187e-006
5.34211e-006
1.01816e-005
1.41618e-005
0.000198636
0.000289612
1.85216e-005
1.73689e-005
1.2006e-005
1.51031e-005
9.87648e-006
0.00103772
1.#INF
6.41261e-006
4.04599e-006
0.000192411
1.5343e-005
1.09348e-005
9.9618e-006
4.96764e-006
1.82611e-005
2.00562e-005
0.00477042
-1.#IND
0.000122895
1.2001e-005
0.000163119
0.000322805
0.000127792
9.84207e-006
1.78417e-005
0.00578485
0.00462071
1.86608e-005
2.88662e-005
1.#INF
0.00214512
6.06443e-006
0.000629571
9.1413e-006
0.0013661
9.89326e-006
0.000592291
0.00259064
1.11254e-005
0.000499107
1.05517e-005
1.05859e-005
1.#INF
2.17354e-005
8.97062e-006
2.40407e-005
2.01745e-005
0.000435823
8.23125e-006
2.02139e-006
0.00612703
1.01632e-005
1.02217e-005
9.8053e-006
1.39716e-005
0.000275036
2.93894e-006
0.000465017
1.19359e-005
4.88105e-005
1.#INF
5.40747e-006
2.01197e-005
4.0088e-006
8.76757e-006
1.35913e-005
1.06018e-005
1.85387e-005
3.47129e-005
1.86542e-005
0.00399921
0.000121584
0.000156524
1.14856e-005
0.000295679
1.15628e-005
2.04307e-005
1.52566e-007
0.000384513
1.39397e-005
0.000110236
0.0013314
4.0623e-006
1.#INF
1.97682e-005
3.47117e-005
9.49787e-006
0.000407641
0.000386794
1.00905e-005
8.78935e-006
9.24648e-005
1.02201e-005
8.87657e-006
0.00037742
0.000928416
7.34639e-006
1.99839e-005
3.06098e-006
2.00489e-005
5.14485e-006
1.02668e-005
0.00183979
1.1157e-005
0.000164519
0.000527301
4.50941e-005
1.00671e-005
2.64634e-006
0.0149676
-1.#IND
0.000152231
1.#INF
9.12196e-006
1.02599e-005
2.26924e-005
1.01043e-005
2.02455e-005
1.04009e-005
1.99959e-005
0.00063767
5.69927e-006
2.08292e-005
2.55625e-005
4.4689e-006
6.06754e-006
0.000504761
1.01186e-005
1.12285e-005
2.0038e-005
1.05782e-005
1.49849e-006
6.03886e-006
1.32678e-005
9.6435e-006
1.12791e-006
1.49373e-005
1.69448e-005
0.00532471
1.29546e-005
5.48668e-006
0.000219432
1.34915e-005
3.52753e-006
4.12873e-005
3.54373e-005
2.70962e-005
2.00844e-005
0.000866003
1.32347e-005
1.56348e-005
2.05575e-005
1.53848e-005
2.02485e-005
2.00577e-005
0.0132275
0.00862364
5.2169e-006
1.03657e-005
1.98038e-005
1.01823e-005
5.58459e-006
9.25024e-006
1.17588e-005
9.91073e-006
1.9885e-005
1.04158e-005
9.30228e-006
1.10751e-005
0.000214108
1.77099e-005
2.02021e-005
1.12841e-005
4.1448e-006
1.35186e-005
1.99755e-005
9.81747e-005
6.27175e-006
1.03227e-005
2.03799e-005
1.00181e-005
1.03379e-005
9.94531e-006
0.000737522
1.22877e-005
0.000229269
1.69021e-005
9.87743e-006
1.20083e-005
1.30073e-005
5.31039e-006
2.00123e-005
2.00502e-005
2.96287e-006
2.03159e-005
2.46721e-006
0.000156661
9.92976e-006
8.9758e-006
9.97032e-006
9.29502e-006
3.03147e-005
6.08896e-006
1.17326e-005
1.98981e-005
1.43774e-005
1.84519e-005
1.2072e-005
1.00996e-005
0.000720574
3.38756e-006
8.6099e-006
1.01944e-005
4.33794e-006
1.10727e-005
4.73766e-006
2.08464e-005
5.06759e-006
2.6593e-005
9.18287e-006
1.02683e-005
3.11158e-005
5.33986e-006
7.08244e-005
4.7458e-006
1.00381e-005
1.71627e-005
9.08388e-006
1.#INF
1.01737e-005
4.90325e-006
3.7897e-005
1.04613e-005
1.00529e-005
4.69833e-005
1.01124e-005
1.11691e-005
1.00953e-005
0.0104832
6.84787e-006
5.84778e-006
1.30681e-005
9.89875e-006
1.50752e-008
1.20046e-005
1.62251e-005
1.12109e-005
1.12341e-005
1.32903e-005
1.12109e-005
0.0044427
0.000226278
5.78158e-006
6.71149e-005
1.01161e-005
2.00709e-005
1.00009e-005
9.10494e-006
1.16573e-005
9.86252e-006
1.00887e-005
1.00119e-005
1.01539e-005
2.04201e-005
0.00193698
3.25434e-006
1.80878e-005
2.9599e-006
1.62905e-005
1.97629e-005
3.76122e-006
5.29601e-006
7.32017e-006
5.13079e-006
9.88224e-006
1.22602e-005
2.2495e-006
1.04742e-005
8.58957e-005
1.01531e-005
1.0222e-005
1.00078e-005
0.00510602
9.86193e-006
1.02426e-005
2.78172e-005
4.99146e-006
1.01834e-005
0.000296035
1.86284e-005
0.00360025
1.01032e-005
1.00026e-005
2.00626e-005
1.00448e-005
1.19399e-005
1.0046e-005
1.20005e-005
9.83404e-006
0.00120162
9.99046e-006
9.80118e-006
5.47475e-005
5.08108e-005
0.000192208
1.#INF
0.000626123
0.000876081
0.0103379
0.000990483
1.21283e-005
0.00517677
0.00376243
1.21089e-005
1.60086e-005
1.69036e-005
0.000911173
4.63724e-005
0.00329266
1.#INF
1.20591e-005
1.85495e-005
1.#INF
9.04814e-006
9.86223e-006
0.00363575
9.11569e-006
0.0014386
4.84885e-006
0.00044477
9.81762e-006
1.34822e-005
0.00119351
2.52215e-005
0.000236314
1.86616e-005
0.000173935
2.61846e-005
8.72016e-007
0.0463221
1.82002e-005
0.00588112
4.55301e-006
1.18005e-006
1.28468e-005
0.00079457
0.000114788
0.00645023
9.79917e-006
1.03367e-005
1.#INF
0.00104478
0.000929621
4.55596e-006
0.00287486
0.00396068
4.86476e-006
0.00821757
0.00517122
-1.#IND
0.000204223
0.000205338
1.#INF
1.#INF
1.41228e-005
0.000109787
4.37628e-006
0.00225671
0.0100795
4.9424e-006
1.69285e-005
2.02136e-005
0.00935997
1.86434e-005
2.00168e-005
8.84873e-006
5.37296e-006
9.19166e-006
0.00205039
5.4822e-006
1.00409e-005
1.#INF
0.00171855
9.96134e-006
9.94953e-006
0.00178689
0.000161955
1.20335e-005
7.52959e-006
0.00412727
0.000850583
0.000236603
7.89895e-006
0.000974732
1.#INF
2.01567e-005
8.48357e-006
0.00128293
0.000729999
0.00111475
1.36494e-005
0.000174582
0.00283084
1.#INF
1.35128e-005
1.04148e-005
6.98696e-005
1.00865e-005
1.#INF
5.15645e-006
0.000387324
1.02585e-005
1.17867e-005
0.00362717
1.97433e-005
0.000781547
0.0584772
3.42697e-006
5.68514e-006
3.97855e-005
1.28859e-005
0.00372469
1.#INF
1.99982e-005
0.00070532
1.02534e-005
0.00398295
0.000618096
4.76781e-005
2.04654e-005
1.0529e-005
0.00569703
0.000332278
4.72203e-005
1.0147e-005
7.38706e-005
0.00830887
9.24525e-006
9.91e-006
0.00678965
8.87944e-006
1.#INF
0.000774209
1.00205e-005
0.0182789
0.000824489
1.40619e-005
0.000612943
0.00371698
3.09713e-005
1.0436e-005
0.00899111
1.84092e-005
1.18071e-005
0.000694779
2.03319e-005
1.41015e-005
7.75519e-007
0.000252004
1.02035e-005
2.43258e-005
1.15959e-005
1.3876e-005
0.000821602
1.04351e-005
2.40386e-005
0.00142197
0.00275291
1.48197e-005
9.37472e-005
9.05264e-006
1.#INF
1.#INF
1.90547e-005
0.000430067
1.02199e-005
4.64912e-006
0.000710344
1.10335e-005
1.#INF
1.16181e-005
6.53552e-006
4.78073e-005
4.9938e-006
0.0144403
0.000178973
1.20343e-005
1.14095e-005
0.0457498
1.16928e-005
9.8833e-006
1.#INF
1.#INF
1.#INF
1.#INF
0.000271673
6.18454e-006
1.#INF
3.57844e-005
1.02614e-005
1.1043e-005
8.80147e-006
2.0429e-005
1.#INF
2.00961e-005
9.89677e-006
8.88136e-006
1.#INF
0.000322432
0.000489557
5.65119e-006
1.01779e-005
9.85493e-006
1.10401e-005
3.77062e-005
1.99992e-005
0.000394852
6.90731e-006
1.402e-006
0.00461651
0.0181847
0.000731982
0.0122791
1.#INF
1.01846e-005
9.93686e-006
0.000299979
1.98503e-005
8.89466e-006
0.0107771
9.82841e-006
9.01273e-006
1.#INF
0.000489257
0.000286807
0.000253035
1.#INF
1.73209e-005
0.000168005
9.8823e-006
0.000388941
0.014515
1.12716e-005
2.9883e-005
1.20763e-005
7.91761e-006
1.#INF
1.09456e-005
1.3119e-005
1.11254e-005
2.02305e-005
1.84088e-005
0.0095236
1.93771e-005
1.12177e-005
2.00498e-005
0.00867691
8.10321e-006
1.24255e-005
0.000392729
5.65609e-006
0.000139242
1.03512e-005
