0.00194016
1.20272e-005
1.01798e-005
4.59566e-006
0.00120452
-2.86254
0.000590837
0.00603453
-9.53377
0.00138716
-6.67379
-6.57969
-6.89383
-6.22787
-3.26501
0.00440957
0.0106144
-7.04771
0.000607537
0.00425757
-11.5793
0.00034395
-3.57944
0.000784314
-2.6107
-6.22071
0.0111651
0.00899609
-3.71286
-6.085
-9.40628
-31.224
-6.79683
-1.#IND
0.00530535
9.08524e-006
0.00963257
1.10831e-005
1.29583e-005
-1.#IND
-1.#IND
8.98789e-006
-1.#IND
1.02711e-005
0.00470258
-8.82419
0.00038604
0.00129148
1.31944e-005
-1.#IND
0.000311447
-6.79683
-7.97983
-7.45477
-12.0363
0.00853372
1.00531e-005
-6.61011
-6.67376
-6.90105
-6.84994
0.00553266
-1.#IND
0.000203646
9.99069e-006
3.97135e-006
0.000118749
0.000134625
0.000150936
-6.88362
1.00049e-005
1.03164e-005
9.86168e-006
0.000459
-6.89697
0.000406376
-16.7295
1.32346e-005
1.10859e-005
-6.77745
-8.18953
-2.92449
0.00696758
1.50176e-005
0.0309203
8.45242e-006
7.43648e-006
0.00926262
-9.0858
-6.66706
1.28439e-005
-1.#IND
0.00030822
0.00224628
-6.87758
-6.51497
-1.#IND
-6.62949
-6.67019
1.01523e-005
8.93619e-006
-2.56696
-8.12672
0.00118006
4.72187e-006
-11.7109
-6.77192
-7.69109
-4.79745
0.000289612
1.85216e-005
-7.19116
1.2006e-005
-7.26708
-6.5753
0.00103772
-1.#IND
6.41261e-006
-16.6349
-3.94228
1.5343e-005
-6.79405
9.9618e-006
-11.8954
1.82611e-005
-6.90153
0.00477042
-1.#IND
-2.83636
1.2001e-005
0.000163119
0.000322805
0.000127792
-6.62719
-6.65522
0.00578485
0.00462071
1.86608e-005
-6.47268
-1.#IND
0.00214512
-7.47565
0.000629571
-6.66394
0.0013661
-6.66623
0.000592291
0.00259064
-6.61002
0.000499107
-7.2028
1.05859e-005
-1.#IND
-3.0689
8.97062e-006
-7.59237
2.01745e-005
0.000435823
-8.18798
-23.4408
0.00612703
-6.88354
1.02217e-005
9.8053e-006
-13.3834
-2.53559
-9.22854
0.000465017
1.19359e-005
-3.92115
-1.#IND
-13.9926
-6.75153
-14.6382
8.76757e-006
1.35913e-005
-6.59008
1.85387e-005
-3.40314
-6.79311
0.00399921
0.000121584
-3.47432
-6.69584
0.000295679
-2.35188
2.04307e-005
-21.3212
0.000384513
1.39397e-005
-3.18531
0.0013314
-13.7719
-1.#IND
1.97682e-005
-8.63702
9.49787e-006
-3.23243
0.000386794
1.00905e-005
-6.56223
9.24648e-005
-6.89456
-6.59362
0.00037742
0.000928416
7.34639e-006
-4.53267
-14.9455
-6.67569
5.14485e-006
1.02668e-005
0.00183979
1.1157e-005
-3.0611
0.000527301
-6.5707
1.00671e-005
-14.4144
0.0149676
-1.#IND
0.000152231
-1.#IND
9.12196e-006
1.02599e-005
-5.24208
-6.89322
2.02455e-005
-6.67019
-6.71144
-2.85396
-8.40183
-7.03376
-6.45616
4.4689e-006
-6.19039
0.000504761
-7.02415
1.12285e-005
-6.76949
-6.65985
-23.3885
-8.62819
-6.75852
9.6435e-006
-23.1787
-9.25462
1.69448e-005
0.00532471
-8.1307
5.48668e-006
-3.78657
-6.79469
-17.8599
-7.05833
-2.91671
-6.83626
-6.76991
-2.36176
-6.58594
-9.21799
2.05575e-005
-7.19149
2.02485e-005
-6.68109
0.0132275
0.00862364
5.2169e-006
1.03657e-005
-10.878
-6.77637
5.58459e-006
-6.74374
-7.67763
9.91073e-006
-6.66514
-6.81064
-6.92361
1.10751e-005
0.000214108
-7.05245
2.02021e-005
1.12841e-005
-6.12133
1.35186e-005
-6.57838
9.81747e-005
-8.40915
1.03227e-005
2.03799e-005
-6.82352
-6.66018
-6.67226
0.000737522
-6.89152
0.000229269
1.69021e-005
9.87743e-006
1.20083e-005
-13.954
-9.07292
-6.77836
-6.63387
-16.7913
2.03159e-005
-5.72391
0.000156661
-6.67277
8.9758e-006
9.97032e-006
-6.81512
-8.63421
-7.71715
1.17326e-005
-6.79759
1.43774e-005
1.84519e-005
-6.77286
1.00996e-005
0.000720574
-7.18199
8.6099e-006
1.01944e-005
-7.08892
-6.66651
-13.798
-6.86456
5.06759e-006
-6.10853
-6.99909
1.02683e-005
-8.36636
-14.1852
-5.37858
-13.1038
-6.71731
-10.1263
9.08388e-006
-1.#IND
-6.76073
-11.0731
-8.44902
-6.60032
1.00529e-005
-13.8254
1.01124e-005
1.11691e-005
1.00953e-005
0.0104832
-7.91083
5.84778e-006
1.30681e-005
-6.67134
-12.5725
1.20046e-005
-10.5575
-7.00979
-6.81615
-6.7008
-6.76939
0.0044427
0.000226278
5.78158e-006
-8.55795
-8.56645
-6.72471
1.00009e-005
-6.79512
-6.57398
9.86252e-006
-6.87928
1.00119e-005
-6.87003
2.04201e-005
0.00193698
3.25434e-006
-6.58587
2.9599e-006
1.62905e-005
-7.99961
3.76122e-006
5.29601e-006
-7.04817
-11.5678
-6.7964
1.22602e-005
-20.2634
-6.78175
-6.1601
1.01531e-005
1.0222e-005
1.00078e-005
0.00510602
9.86193e-006
1.02426e-005
-5.96644
-9.01374
-6.59359
0.000296035
1.86284e-005
0.00360025
-6.89815
1.00026e-005
-6.62229
1.00448e-005
1.19399e-005
-6.75233
1.20005e-005
-6.72466
0.00120162
9.99046e-006
9.80118e-006
-6.75842
-6.13093
0.000192208
-1.#IND
0.000626123
0.000876081
0.0103379
0.000990483
-6.37683
0.00517677
0.00376243
1.21089e-005
-7.30041
-11.8604
0.000911173
-56.8393
0.00329266
-1.#IND
1.20591e-005
-6.76743
-1.#IND
9.04814e-006
9.86223e-006
0.00363575
9.11569e-006
0.0014386
4.84885e-006
0.00044477
-6.5857
-6.5507
-3.77187
-12.9214
0.000236314
1.86616e-005
0.000173935
-5.84136
8.72016e-007
0.0463221
1.82002e-005
0.00588112
-12.3624
-27.072
-7.22143
0.00079457
-8.62632
0.00645023
-6.76076
-6.5255
-1.#IND
0.00104478
0.000929621
4.55596e-006
0.00287486
0.00396068
-9.90616
0.00821757
0.00517122
-1.#IND
-3.03811
-3.50309
-1.#IND
-1.#IND
1.41228e-005
0.000109787
4.37628e-006
0.00225671
0.0100795
-9.71172
-7.11997
2.02136e-005
0.00935997
-6.87309
-6.55536
8.84873e-006
5.37296e-006
9.19166e-006
-2.96416
5.4822e-006
-6.81488
-1.#IND
0.00171855
9.96134e-006
-6.87937
-3.10155
0.000161955
1.20335e-005
-11.1728
0.00412727
0.000850583
0.000236603
-12.6315
-3.23306
-1.#IND
-6.66817
-8.19041
0.00128293
-3.15426
-2.65977
1.36494e-005
-5.92351
0.00283084
-1.#IND
-7.97576
1.04148e-005
-6.41382
1.00865e-005
-1.#IND
-10.1815
0.000387324
-6.90254
-6.62507
0.00362717
1.97433e-005
-2.73378
0.0584772
-5.42324
-8.30926
-12.286
-11.3051
0.00372469
-1.#IND
-6.61649
0.00070532
-6.77742
0.00398295
0.000618096
-6.72021
2.04654e-005
-6.82487
0.00569703
0.000332278
-1.34867
-6.88186
-8.66001
0.00830887
-6.82358
-9.81819
0.00678965
8.87944e-006
-1.#IND
0.000774209
1.00205e-005
0.0182789
-3.08756
-8.73778
-2.87169
0.00371698
-7.23759
-6.76808
0.00899111
1.84092e-005
-6.67266
0.000694779
2.03319e-005
1.41015e-005
7.75519e-007
0.000252004
-5.85826
-6.03142
-6.59574
-8.37036
0.000821602
-6.61704
-6.68567
-2.88947
0.00275291
-9.05132
9.37472e-005
-6.6141
-1.#IND
-1.#IND
-7.02398
-2.65519
1.02199e-005
4.64912e-006
0.000710344
1.10335e-005
-1.#IND
1.16181e-005
-12.5012
-2.57115
-8.82361
0.0144403
0.000178973
-6.78142
-11.3117
0.0457498
1.16928e-005
9.8833e-006
-1.#IND
-1.#IND
-1.#IND
-1.#IND
-3.10416
-7.30939
-1.#IND
-6.17168
-6.79631
1.1043e-005
8.80147e-006
2.0429e-005
-1.#IND
-6.61965
-6.66715
8.88136e-006
-1.#IND
-2.76608
-2.43512
5.65119e-006
1.01779e-005
9.85493e-006
1.10401e-005
3.77062e-005
-6.78991
0.000394852
-8.04464
1.402e-006
0.00461651
0.0181847
0.000731982
0.0122791
-1.#IND
-6.81922
-6.80125
0.000299979
1.98503e-005
-8.57739
0.0107771
-6.6127
-6.64799
-1.#IND
-2.47498
-2.50686
0.000253035
-1.#IND
-6.57555
0.000168005
-6.79629
0.000388941
0.014515
-8.18322
-8.89441
1.20763e-005
7.91761e-006
-1.#IND
1.09456e-005
1.3119e-005
-6.50641
2.02305e-005
1.84088e-005
0.0095236
-11.7942
1.12177e-005
-6.62671
0.00867691
-9.81194
1.24255e-005
0.000392729
-8.87982
0.000139242
-6.87453
