0.00194016
1.20272e-005
1.01798e-005
4.59566e-006
0.00120452
2.8626
0.000590837
0.00603453
9.53378
0.00138716
6.67381
6.57973
6.89384
6.22789
3.26554
0.00440957
0.0106144
7.04804
0.000607537
0.00425757
11.5793
0.00034395
3.58151
0.000784314
2.61181
6.22114
0.0111651
0.00899609
3.71384
6.08505
9.40629
31.2245
6.79685
1.#QNAN
0.00530535
9.08524e-006
0.00963257
1.10831e-005
1.29583e-005
1.#INF
1.#INF
8.98789e-006
1.#INF
1.02711e-005
0.00470258
8.82433
0.00038604
0.00129148
1.31944e-005
1.#QNAN
0.000311447
6.79685
7.97985
7.45479
12.0364
0.00853372
1.00531e-005
6.61014
6.67378
6.90107
6.84996
0.00553266
1.#QNAN
0.000203646
9.99069e-006
3.97135e-006
0.000118749
0.000134625
0.000150936
6.88365
1.00049e-005
1.03164e-005
9.86168e-006
0.000459
6.897
0.000406376
16.7295
1.32346e-005
1.10859e-005
6.77747
8.18955
2.9247
0.00696758
1.50176e-005
0.0309203
8.45242e-006
7.43648e-006
0.00926262
9.08584
6.66708
1.28439e-005
1.#INF
0.00030822
0.00224628
6.8776
6.51499
1.#QNAN
6.62951
6.67021
1.01523e-005
8.93619e-006
2.56767
8.12673
0.00118006
4.72187e-006
11.7109
6.77194
7.69112
4.79785
0.000289612
1.85216e-005
7.19119
1.2006e-005
7.26711
6.57532
0.00103772
1.#INF
6.41261e-006
16.6349
3.94267
1.5343e-005
6.79407
9.9618e-006
11.8954
1.82611e-005
6.90157
0.00477042
1.#QNAN
2.8366
1.2001e-005
0.000163119
0.000322805
0.000127792
6.62721
6.65526
0.00578485
0.00462071
1.86608e-005
6.47274
1.#INF
0.00214512
7.47566
0.000629571
6.66396
0.0013661
6.66625
0.000592291
0.00259064
6.61004
0.000499107
7.20283
1.05859e-005
1.#INF
3.06894
8.97062e-006
7.59242
2.01745e-005
0.000435823
8.18799
23.4408
0.00612703
6.88356
1.02217e-005
9.8053e-006
13.3835
2.53614
9.22855
0.000465017
1.19359e-005
3.92125
1.#INF
13.9926
6.75157
14.6382
8.76757e-006
1.35913e-005
6.5901
1.85387e-005
3.40321
6.79315
0.00399921
0.000121584
3.47464
6.69586
0.000295679
2.3519
2.04307e-005
21.3212
0.000384513
1.39397e-005
3.18553
0.0013314
13.7719
1.#INF
1.97682e-005
8.63709
9.49787e-006
3.23325
0.000386794
1.00905e-005
6.56225
9.24648e-005
6.89458
6.59364
0.00037742
0.000928416
7.34639e-006
4.53271
14.9455
6.67573
5.14485e-006
1.02668e-005
0.00183979
1.1157e-005
3.06143
0.000527301
6.57079
1.00671e-005
14.4144
0.0149676
1.#QNAN
0.000152231
1.#INF
9.12196e-006
1.02599e-005
5.24213
6.89324
2.02455e-005
6.67021
6.71148
2.85524
8.40184
7.0338
6.45621
4.4689e-006
6.1904
0.000504761
7.02418
1.12285e-005
6.76953
6.65987
23.3885
8.6282
6.75854
9.6435e-006
23.1787
9.25465
1.69448e-005
0.00532471
8.13073
5.48668e-006
3.78701
6.79472
17.8599
7.05841
2.91678
6.83632
6.76995
2.3635
6.58597
9.21803
2.05575e-005
7.19152
2.02485e-005
6.68113
0.0132275
0.00862364
5.2169e-006
1.03657e-005
10.878
6.77639
5.58459e-006
6.74376
7.67766
9.91073e-006
6.66518
6.81066
6.92363
1.10751e-005
0.000214108
7.05249
2.02021e-005
1.12841e-005
6.12133
1.35186e-005
6.57842
9.81747e-005
8.40917
1.03227e-005
2.03799e-005
6.82354
6.6602
6.67228
0.000737522
6.89155
0.000229269
1.69021e-005
9.87743e-006
1.20083e-005
13.954
9.07293
6.7784
6.63391
16.7913
2.03159e-005
5.72392
0.000156661
6.67279
8.9758e-006
9.97032e-006
6.81514
8.63428
7.71716
1.17326e-005
6.79763
1.43774e-005
1.84519e-005
6.77289
1.00996e-005
0.000720574
7.182
8.6099e-006
1.01944e-005
7.08893
6.66653
13.7981
6.8646
5.06759e-006
6.10858
6.99911
1.02683e-005
8.36642
14.1852
5.37873
13.1038
6.71733
10.1263
9.08388e-006
1.#INF
6.76075
11.0731
8.4491
6.60034
1.00529e-005
13.8255
1.01124e-005
1.11691e-005
1.00953e-005
0.0104832
7.91085
5.84778e-006
1.30681e-005
6.67136
12.5725
1.20046e-005
10.5575
7.00981
6.81617
6.70083
6.76942
0.0044427
0.000226278
5.78158e-006
8.55809
8.56647
6.72475
1.00009e-005
6.79514
6.57401
9.86252e-006
6.8793
1.00119e-005
6.87005
2.04201e-005
0.00193698
3.25434e-006
6.58591
2.9599e-006
1.62905e-005
7.99965
3.76122e-006
5.29601e-006
7.04818
11.5679
6.79642
1.22602e-005
20.2634
6.78178
6.16027
1.01531e-005
1.0222e-005
1.00078e-005
0.00510602
9.86193e-006
1.02426e-005
5.96649
9.01375
6.59361
0.000296035
1.86284e-005
0.00360025
6.89817
1.00026e-005
6.62233
1.00448e-005
1.19399e-005
6.75235
1.20005e-005
6.72468
0.00120162
9.99046e-006
9.80118e-006
6.75853
6.13103
0.000192208
1.#INF
0.000626123
0.000876081
0.0103379
0.000990483
6.37685
0.00517677
0.00376243
1.21089e-005
7.30044
11.8605
0.000911173
56.8394
0.00329266
1.#INF
1.20591e-005
6.76747
1.#INF
9.04814e-006
9.86223e-006
0.00363575
9.11569e-006
0.0014386
4.84885e-006
0.00044477
6.58572
6.55073
3.77426
12.9215
0.000236314
1.86616e-005
0.000173935
5.84142
8.72016e-007
0.0463221
1.82002e-005
0.00588112
12.3624
27.072
7.22145
0.00079457
8.62655
0.00645023
6.76078
6.52552
1.#INF
0.00104478
0.000929621
4.55596e-006
0.00287486
0.00396068
9.90617
0.00821757
0.00517122
1.#QNAN
3.03852
3.5035
1.#INF
1.#INF
1.41228e-005
0.000109787
4.37628e-006
0.00225671
0.0100795
9.71173
7.12001
2.02136e-005
0.00935997
6.87313
6.5554
8.84873e-006
5.37296e-006
9.19166e-006
2.96826
5.4822e-006
6.8149
1.#INF
0.00171855
9.96134e-006
6.87939
3.10513
0.000161955
1.20335e-005
11.1728
0.00412727
0.000850583
0.000236603
12.6315
3.23501
1.#INF
6.66821
8.19043
0.00128293
3.15572
2.662
1.36494e-005
5.92386
0.00283084
1.#INF
7.97578
1.04148e-005
6.41396
1.00865e-005
1.#INF
10.1815
0.000387324
6.90256
6.62509
0.00362717
1.97433e-005
2.73534
0.0584772
5.42325
8.30927
12.286
11.3051
0.00372469
1.#INF
6.61653
0.00070532
6.77744
0.00398295
0.000618096
6.72031
2.04654e-005
6.82489
0.00569703
0.000332278
1.34877
6.88188
8.66016
0.00830887
6.8236
9.81821
0.00678965
8.87944e-006
1.#INF
0.000774209
1.00205e-005
0.0182789
3.08921
8.73781
2.87292
0.00371698
7.23766
6.7681
0.00899111
1.84092e-005
6.67268
0.000694779
2.03319e-005
1.41015e-005
7.75519e-007
0.000252004
5.85828
6.03147
6.59577
8.37039
0.000821602
6.61706
6.68572
2.89231
0.00275291
9.05135
9.37472e-005
6.61411
1.#INF
1.#INF
7.02402
2.65605
1.02199e-005
4.64912e-006
0.000710344
1.10335e-005
1.#INF
1.16181e-005
12.5012
2.57124
8.82362
0.0144403
0.000178973
6.78145
11.3117
0.0457498
1.16928e-005
9.8833e-006
1.#INF
1.#INF
1.#INF
1.#INF
3.10471
7.3094
1.#INF
6.17176
6.79634
1.1043e-005
8.80147e-006
2.0429e-005
1.#INF
6.61969
6.66717
8.88136e-006
1.#INF
2.76673
2.4361
5.65119e-006
1.01779e-005
9.85493e-006
1.10401e-005
3.77062e-005
6.78995
0.000394852
8.04465
1.402e-006
0.00461651
0.0181847
0.000731982
0.0122791
1.#INF
6.81924
6.80127
0.000299979
1.98503e-005
8.57741
0.0107771
6.61272
6.64801
1.#INF
2.47596
2.50743
0.000253035
1.#INF
6.57559
0.000168005
6.79631
0.000388941
0.014515
8.18324
8.89447
1.20763e-005
7.91761e-006
1.#INF
1.09456e-005
1.3119e-005
6.50643
2.02305e-005
1.84088e-005
0.0095236
11.7943
1.12177e-005
6.62675
0.00867691
9.81196
1.24255e-005
0.000392729
8.87983
0.000139242
6.87455
